 258  285  392  583  586  680  834  882  959  960
 198  276  328  499  523  677  776  807  810  844
 162  187  312  318  332  361  511  521  675  787
 68  170  288  369  496  526  738  811  820  937
 235  253  303  331  362  409  620  641  752  821
 1  144  318  378  401  693  867  902  904  941
 114  124  233  259  361  364  570  627  652  951
 50  201  213  216  589  845  878  883  930  951
 42  51  65  681  767  783  823  850  861  911
 25  220  310  461  491  538  567  605  669  820
 63  69  254  396  401  442  549  573  700  971
 58  134  310  322  336  445  847  857  867  973
 148  246  356  525  551  637  673  805  823  994
 100  234  251  643  709  756  822  856  870  961
 4  36  82  261  358  471  605  649  677  710
 97  126  258  370  438  500  531  674  813  899
 13  183  208  275  287  317  391  448  620  808
 83  102  181  325  446  559  577  800  870  876
 33  38  116  260  303  352  376  492  715  785
 4  12  35  43  416  577  749  778  783  918
 68  149  198  243  286  422  440  672  725  828
 43  81  173  258  440  461  553  659  739  749
 174  211  278  338  473  517  656  755  799  985
 10  421  488  512  531  556  738  950  973  981
 7  298  378  393  431  498  714  768  789  863
 20  23  66  81  221  240  318  530  802  856
 65  143  155  253  405  438  594  719  742  950
 51  189  201  310  320  415  504  832  857  880
 191  309  346  431  496  653  697  810  846  973
 28  125  145  342  369  380  489  891  994  997
 45  60  124  538  545  599  695  760  824  935
 85  103  205  294  418  577  765  784  833  838
 89  161  440  462  504  597  616  658  752  944
 9  43  78  170  391  393  467  616  986  995
 277  343  447  518  544  761  771  793  799  836
 69  208  480  564  567  588  598  665  755  856
 7  38  112  207  215  275  324  522  544  726
 77  84  336  501  516  545  638  685  878  951
 365  490  590  595  703  705  766  771  872  927
 139  303  357  522  591  643  707  758  898  950
 11  132  318  456  567  612  806  884  930  959
 26  170  228  416  457  517  605  680  682  726
 397  399  434  462  465  690  725  763  800  898
 137  270  372  527  547  555  557  840  850  977
 188  279  303  316  377  383  606  644  699  941
 20  229  448  531  627  695  700  862  896  947
 174  194  327  422  470  482  549  654  739  803
 52  321  335  356  473  662  744  831  898  976
 260  271  336  388  406  716  832  861  906  937
 67  72  102  126  383  416  447  465  935  957
 146  170  192  354  372  378  607  641  653  682
 139  269  327  467  479  642  673  707  783  976
 56  60  122  135  141  304  531  547  589  747
 103  153  159  332  432  452  552  618  644  961
 31  298  360  368  385  406  474  609  733  902
 5  46  317  428  451  485  490  644  652  891
 41  113  206  330  347  412  473  499  655  981
 96  220  547  567  572  579  768  795  875  948
 407  421  587  627  684  772  780  888  996  998
 21  94  225  247  264  400  653  856  986  988
 19  37  57  71  74  147  152  545  762  885
 264  333  365  367  437  500  571  665  799  939
 67  81  101  333  380  418  706  796  959  978
 16  43  54  73  516  551  580  582  719  945
 205  273  413  431  440  504  514  536  607  778
 206  312  327  393  466  532  655  768  809  885
 9  52  63  254  356  379  603  670  688  821
 114  254  367  521  649  723  743  800  818  878
 136  176  199  440  522  605  614  763  820  854
 41  205  308  311  347  349  478  620  884  932
 34  101  307  377  431  613  663  707  843  914
 75  125  189  200  421  612  658  879  923  927
 60  248  270  355  452  548  644  841  859  881
 83  191  235  473  555  575  852  883  996  998
 164  241  319  336  422  645  664  716  751  830
 131  170  179  321  599  799  816  876  954  968
 124  286  321  347  434  490  574  700  702  961
 86  105  117  139  239  245  298  509  603  745
 23  104  279  406  476  704  706  783  787  892
 26  114  266  322  513  603  789  820  899  997
 32  350  429  470  483  486  657  689  774  962
 35  245  246  254  419  495  617  767  773  966
 164  324  384  567  570  762  821  884  922  984
 52  133  201  208  414  530  533  639  798  914
 123  256  259  342  349  392  524  534  600  978
 352  381  416  528  667  692  738  944  950  956
 11  27  350  481  570  583  766  810  865  973
 13  250  376  377  397  522  772  785  856  988
 18  87  131  254  394  399  511  727  805  896
 58  161  332  370  371  392  497  594  631  991
 106  213  290  297  319  471  610  618  705  979
 82  189  455  568  691  718  724  738  778  898
 87  176  224  245  271  535  567  864  906  961
 94  146  207  238  320  680  735  810  828  859
 8  88  153  292  634  666  726  836  954  990
 50  141  172  378  390  635  719  917  920  967
 46  146  238  258  422  625  671  695  822  851
 16  41  317  374  466  560  725  860  862  963
 37  64  128  197  278  415  728  748  835  963
 13  64  175  304  308  358  450  458  734  845
 16  151  218  316  356  406  542  678  870  987
 154  189  386  429  480  684  761  886  921  977
 11  149  176  380  403  482  637  705  787  903
 134  169  246  376  424  516  608  698  787  918
 34  132  436  570  586  669  739  763  767  982
 72  274  279  338  339  819  827  844  927  976
 15  180  210  463  489  527  633  663  750  752
 21  166  222  280  473  511  623  684  769  992
 59  221  411  421  479  629  723  770  848  974
 17  52  80  234  534  554  613  896  910  993
 125  151  181  315  347  484  560  594  696  905
 96  204  210  361  417  469  605  715  745  824
 102  247  304  337  498  707  731  766  825  987
 198  199  269  281  306  417  420  528  607  609
 34  117  244  439  456  459  555  820  979  995
 51  244  358  389  424  632  726  770  784  875
 83  182  196  276  339  568  723  779  939  968
 55  81  103  243  269  342  355  545  698  877
 1  102  373  579  630  672  720  783  840  842
 66  396  510  525  543  630  636  684  892  916
 6  44  314  328  503  662  801  847  899  992
 86  108  175  270  391  474  612  621  678  703
 234  252  382  466  475  501  589  694  829  830
 58  87  197  336  377  444  620  669  678  925
 72  194  462  501  768  773  829  947  959  984
 48  212  393  397  598  620  659  711  852  982
 124  146  195  315  389  393  448  484  741  765
 36  215  252  344  662  705  813  816  855  928
 179  237  306  503  644  669  768  787  859  987
 36  123  174  485  672  714  750  874  945  992
 199  204  239  392  409  442  470  560  665  848
 23  53  71  73  262  450  557  784  833  900
 138  230  271  291  332  547  615  694  785  940
 56  177  208  219  299  503  620  688  821  845
 60  182  212  256  363  460  509  545  962  972
 0  82  143  173  260  422  715  888  890  909
 67  355  410  425  489  565  566  680  919  920
 18  55  232  285  387  439  461  696  768  910
 388  454  582  610  674  795  862  916  962  986
 205  313  368  499  582  798  833  849  893  916
 39  100  220  299  305  382  772  778  837  860
 46  159  272  455  461  653  656  713  729  994
 1  5  143  251  271  539  570  705  899  942
 44  53  141  367  465  498  633  688  773  914
 173  211  270  274  446  600  629  765  824  838
 80  97  211  239  355  598  665  759  926  975
 224  275  503  531  564  602  661  667  815  922
 30  266  328  401  480  540  576  732  878  907
 106  140  152  208  286  391  408  481  525  939
 94  95  129  263  303  305  372  909  939  956
 105  117  251  257  325  566  620  760  887  924
 62  104  409  420  545  627  679  748  831  940
 9  62  79  147  176  204  517  545  598  940
 5  71  86  132  430  441  516  651  652  817
 307  325  339  776  800  882  883  888  948  957
 364  416  417  569  591  742  888  890  928  977
 9  66  466  548  553  638  645  834  855  861
 69  89  207  363  435  445  525  659  776  955
 119  150  204  313  485  568  652  718  763  955
 73  126  132  209  414  468  490  788  922  949
 50  82  162  209  238  307  390  406  858  892
 71  147  206  248  264  268  344  473  508  777
 66  110  450  541  567  569  681  835  869  939
 101  159  286  308  423  629  727  785  864  984
 235  360  364  370  432  467  481  845  915  989
 42  240  345  357  400  427  612  767  943  967
 22  138  143  206  245  448  718  820  830  856
 68  95  136  141  223  340  400  454  848  912
 16  147  181  527  533  588  614  680  712  746
 50  417  432  542  592  680  718  731  753  794
 17  53  71  135  153  169  353  770  812  963
 16  100  179  202  456  473  644  771  790  961
 41  157  188  419  508  636  750  820  985  994
 112  128  149  323  344  485  592  643  657  746
 133  222  242  292  307  514  628  830  844  974
 96  195  371  560  581  629  640  746  907  954
 51  148  221  242  324  342  485  632  729  900
 35  161  257  348  442  451  501  696  726  862
 107  152  386  407  426  511  696  749  757  885
 32  111  262  380  459  487  518  574  722  988
 148  247  423  499  501  788  850  854  875  906
 79  101  371  403  430  480  601  603  926  954
 104  232  236  256  603  655  682  758  847  938
 259  271  480  548  563  600  667  692  813  844
 90  282  305  353  396  439  521  630  701  882
 157  282  444  557  625  634  710  776  810  955
 20  61  205  208  358  585  594  766  787  827
 100  103  263  269  378  559  637  656  695  864
 263  338  377  427  575  659  738  760  816  868
 133  185  380  516  559  622  623  760  901  965
 150  304  315  593  643  665  712  763  856  998
 123  262  323  500  512  716  804  839  843  896
 12  84  161  270  305  399  559  888  889  919
 31  43  250  307  394  430  498  625  742  995
 107  132  134  198  304  353  413  431  527  732
 45  255  277  524  610  644  835  848  882  900
 177  276  406  409  506  530  591  696  827  921
 55  215  244  278  315  322  334  351  574  849
 7  9  200  215  414  506  768  882  896  998
 72  297  534  542  543  544  561  687  955  979
 115  161  356  428  550  565  613  887  963  988
 305  367  386  448  536  546  571  626  904  979
 4  37  91  339  443  485  561  833  852  877
 17  169  191  206  237  252  273  472  608  680
 83  262  352  367  396  464  532  670  706  904
 8  123  198  331  418  485  715  756  832  941
 32  472  639  786  808  842  844  858  868  890
 21  29  82  191  270  522  665  778  833  971
 2  88  398  408  560  650  689  701  916  969
 84  223  249  361  368  521  522  532  543  745
 55  190  235  304  352  460  529  567  878  918
 5  31  70  145  226  284  451  675  907  912
 70  147  536  544  566  574  659  686  688  891
 6  16  147  150  180  351  525  583  816  818
 29  54  207  262  302  458  573  574  746  823
 39  119  274  311  342  436  557  670  694  752
 167  193  393  448  481  533  566  575  687  709
 8  60  95  244  255  325  521  538  833  950
 301  362  449  471  491  579  762  956  977  986
 30  38  416  471  543  624  686  806  812  832
 64  433  469  552  567  582  675  709  942  949
 25  122  425  508  623  632  650  747  817  983
 99  277  336  366  487  593  764  828  907  916
 481  546  585  609  733  751  764  871  967  983
 44  60  269  433  469  527  577  727  744  815
 35  70  219  315  398  487  621  672  871  884
 109  292  411  413  442  620  628  749  765  961
 76  100  123  188  291  424  761  796  828  870
 50  82  288  302  340  420  602  665  680  787
 131  238  265  437  458  508  716  727  732  986
 190  323  333  414  459  503  524  820  900  981
 128  210  247  273  535  563  894  899  922  980
 64  83  350  360  391  483  681  767  794  816
 171  242  296  463  466  505  727  854  940  945
 39  185  243  309  410  487  853  855  870  880
 9  53  174  299  473  534  592  607  643  966
 66  345  380  429  451  541  651  671  729  933
 246  334  336  350  429  496  534  589  595  689
 0  62  189  287  750  767  793  830  944  981
 6  101  178  328  374  659  704  734  916  988
 58  204  256  369  435  437  506  681  873  917
 32  85  207  223  273  280  393  468  575  720
 46  69  115  300  388  422  426  476  609  681
 96  135  149  208  220  295  470  785  913  957
 41  88  201  210  328  802  807  845  904  944
 75  79  560  600  609  706  720  772  808  896
 38  335  434  437  583  663  736  807  858  976
 14  217  257  293  323  375  409  443  479  694
 59  202  266  469  504  689  850  917  982  985
 252  413  476  482  485  568  575  588  882  939
 66  111  178  196  222  642  786  819  882  941
 50  204  462  500  506  517  682  709  741  929
 94  133  225  337  451  538  648  719  803  852
 44  258  290  436  447  481  503  652  922  963
 11  23  81  326  342  445  531  613  661  934
 37  103  105  308  355  443  613  662  713  953
 15  105  213  220  226  252  319  404  717  742
 32  139  169  174  205  507  516  779  788  850
 195  255  276  338  490  638  698  768  865  900
 96  311  476  491  719  757  792  795  819  982
 43  49  82  456  529  589  612  780  822  915
 46  130  141  274  534  626  731  853  878  988
 137  186  285  325  366  487  648  712  806  945
 132  223  327  365  396  486  571  681  711  906
 7  32  34  241  263  417  452  693  780  961
 37  38  39  430  446  593  603  647  952  977
 3  271  285  434  451  522  642  674  723  798
 72  223  227  412  421  489  537  727  809  864
 145  172  176  290  295  519  530  607  897  946
 74  207  289  385  411  518  801  826  881  983
 283  287  360  416  639  708  805  818  835  987
 12  14  162  165  173  499  647  800  866  956
 136  264  492  500  836  867  924  953  979  983
 112  124  251  379  413  626  781  829  830  871
 37  83  129  385  580  644  700  742  749  851
 2  178  290  299  431  592  731  781  853  946
 109  168  206  399  430  452  526  775  970  972
 88  128  295  461  580  650  743  850  906  994
 202  300  371  471  555  742  826  845  931  937
 7  41  185  225  394  637  654  856  927  984
 31  55  243  313  321  355  581  631  643  730
 91  271  335  360  380  844  900  923  946  966
 33  186  228  269  510  513  547  731  769  915
 114  116  117  337  396  500  591  738  835  899
 36  82  113  304  456  468  577  622  807  974
 54  80  220  292  293  532  547  626  684  685
 46  113  123  199  294  429  462  667  706  718
 9  139  382  394  441  449  479  750  825  983
 48  105  109  293  352  378  608  622  644  852
 188  376  405  411  413  455  549  554  800  987
 50  267  290  409  451  635  735  893  903  993
 6  177  184  309  323  484  540  600  795  973
 107  166  190  251  271  415  658  762  951  990
 91  336  425  496  522  654  716  735  801  867
 114  158  242  477  582  680  727  757  882  999
 59  89  161  225  589  657  672  812  846  972
 40  65  118  489  535  603  731  735  825  899
 14  97  229  341  564  684  721  764  832  920
 59  61  78  209  298  414  538  655  810  983
 54  95  180  235  319  534  691  692  736  823
 53  54  189  315  418  443  458  541  927  976
 74  256  259  307  429  573  596  607  805  835
 177  187  208  271  373  399  605  669  682  995
 227  327  415  438  500  503  803  871  937  990
 148  259  388  442  453  681  728  793  832  947
 92  121  444  487  550  659  833  859  915  934
 73  460  594  634  685  706  835  851  931  976
 3  109  144  169  336  436  551  631  660  893
 77  128  269  376  565  825  900  901  920  992
 55  96  293  340  470  637  747  843  875  905
 180  225  324  360  481  534  670  754  779  899
 6  281  365  478  584  599  660  664  669  942
 133  155  305  460  489  535  574  743  888  982
 255  418  426  459  464  480  550  767  838  952
 1  89  91  121  125  133  299  589  690  788
 35  37  46  173  227  338  587  928  932  977
 83  235  397  416  500  590  619  663  735  995
 21  70  148  157  232  708  765  807  916  979
 42  298  444  555  565  648  741  846  901  953
 250  350  423  425  458  521  812  842  864  963
 141  155  192  214  222  396  535  707  713  791
 88  233  263  356  440  524  612  658  899  916
 316  394  723  750  759  777  810  844  941  977
 163  269  348  454  597  711  745  833  841  857
 130  191  192  260  311  370  410  644  661  668
 25  46  116  222  226  511  574  657  810  957
 43  131  260  371  484  497  634  818  905  960
 105  219  289  341  345  442  480  524  756  908
 118  152  206  215  273  335  440  647  686  810
 43  160  175  348  431  498  594  838  905  992
 55  111  319  406  513  576  625  649  700  774
 34  113  157  205  263  421  551  769  821  836
 62  308  415  498  540  593  657  714  884  923
 41  52  123  142  177  287  342  416  464  619
 28  92  160  188  191  195  847  898  921  933
 107  184  278  569  577  718  795  826  923  997
 84  200  308  491  510  545  568  584  668  783
 48  285  302  401  444  531  580  742  860  897
 33  37  165  375  584  588  756  786  840  900
 196  202  385  422  490  498  804  887  897  967
 68  175  201  221  243  485  564  612  670  717
 35  390  393  613  748  907  941  970  977  995
 49  68  241  258  444  514  576  835  913  967
 241  432  496  505  592  748  790  793  929  999
 76  114  124  270  326  434  479  533  544  558
 14  34  252  403  411  488  538  559  612  750
 60  82  283  411  500  511  529  570  583  881
 364  445  583  593  663  687  715  784  966  988
 82  147  240  324  329  458  468  513  947  993
 27  248  337  391  443  447  598  702  767  809
 16  202  257  286  388  453  495  578  843  983
 145  173  220  289  342  589  685  760  762  978
 59  160  221  306  431  494  633  784  837  937
 14  15  34  79  107  163  665  810  832  841
 78  135  189  232  376  545  641  644  772  842
 63  137  470  588  618  644  718  758  821  858
 11  29  51  175  271  372  827  862  959  994
 38  187  398  419  434  484  590  616  964  980
 4  10  22  400  412  425  794  954  974  988
 55  136  256  265  372  416  646  851  856  919
 160  287  298  427  687  775  862  892  919  937
 53  64  114  310  314  345  438  663  692  911
 46  53  413  520  532  754  835  887  941  999
 18  108  226  376  424  607  616  753  760  893
 72  111  162  597  637  665  681  847  869  994
 99  240  266  410  530  576  628  822  863  955
 189  447  452  459  470  619  751  891  941  993
 79  112  206  247  304  318  441  498  600  914
 202  341  400  557  561  624  633  725  891  948
 94  168  170  194  313  528  620  704  767  868
 80  86  342  453  543  580  681  756  900  967
 252  309  385  403  435  440  457  598  856  933
 13  328  425  501  535  616  788  881  897  903
 25  135  220  244  512  546  563  602  882  961
 73  245  278  388  390  440  689  716  894  936
 201  208  262  357  358  410  440  596  779  901
 49  79  182  227  256  628  676  678  700  975
 51  80  324  585  618  657  736  831  843  878
 106  138  393  437  653  768  853  894  922  936
 36  119  170  228  252  344  431  840  853  890
 60  166  177  261  440  451  564  748  794  797
 16  375  426  455  489  610  633  864  985  990
 17  250  334  349  476  477  805  870  882  905
 48  68  144  250  289  383  440  572  583  956
 82  255  318  521  532  689  794  885  894  969
 44  154  180  203  477  596  649  781  889  909
 19  143  164  237  440  486  522  680  720  762
 68  76  105  133  242  475  488  614  815  919
 182  194  211  250  534  536  580  744  774  939
 62  88  314  373  473  499  566  621  753  796
 58  62  106  358  575  643  785  837  896  985
 113  152  183  206  605  632  850  869  928  973
 112  258  302  318  569  717  915  945  973  975
 117  161  165  181  311  331  352  629  636  696
 352  458  466  552  726  756  811  863  934  960
 25  141  359  400  428  475  540  616  889  897
 53  132  147  206  356  397  606  702  758  820
 18  234  356  531  593  638  722  750  761  913
 4  83  219  367  447  522  523  558  746  837
 33  287  319  327  415  435  474  537  748  921
 4  193  312  327  342  351  391  511  595  671
 538  633  650  663  691  710  718  796  809  947
 72  243  254  304  413  440  473  680  750  878
 27  384  385  573  635  778  833  840  864  955
 53  252  407  455  620  727  744  781  808  943
 105  265  297  354  373  379  408  516  655  694
 62  110  121  161  242  429  446  536  684  686
 62  67  205  221  441  462  555  716  773  986
 78  222  306  310  312  433  446  588  652  987
 21  74  334  373  421  514  534  563  779  807
 189  271  291  438  475  537  548  582  964  971
 143  168  349  385  408  504  514  834  849  865
 42  541  614  615  664  692  731  863  870  897
 85  142  205  330  357  640  650  736  777  899
 10  141  247  301  309  349  541  569  589  626
 29  126  206  265  423  545  716  761  930  946
 231  510  541  575  586  633  735  854  871  882
 185  195  360  405  434  458  541  732  858  898
 82  94  164  203  316  327  408  486  813  856
 4  31  161  321  442  484  485  757  777  781
 3  239  347  443  444  501  766  813  831  892
 117  182  306  356  455  475  525  631  734  849
 32  103  130  257  282  329  560  640  697  946
 136  214  216  269  307  341  343  442  500  972
 78  81  231  273  312  394  590  592  616  825
 188  230  411  471  534  581  718  766  901  927
 405  452  616  632  706  838  863  883  970  982
 62  82  120  204  482  682  732  882  985  996
 344  497  616  696  722  815  839  899  949  981
 178  207  216  372  459  571  597  744  775  828
 114  154  304  319  440  562  599  712  890  923
 87  158  202  256  394  485  602  771  799  831
 95  162  331  467  499  559  608  796  880  921
 10  109  343  492  657  850  884  885  887  944
 289  317  422  447  488  662  742  791  817  884
 3  160  206  208  236  331  758  774  860  983
 124  244  319  346  354  499  584  632  715  951
 24  66  248  255  363  391  468  493  585  880
 10  122  169  319  530  556  803  838  859  901
 37  219  310  321  710  713  776  839  846  899
 22  73  219  275  506  776  797  863  903  963
 41  359  389  399  471  483  493  686  694  959
 15  45  94  110  300  533  631  728  764  814
 146  314  518  554  612  640  643  820  863  920
 37  195  389  413  556  596  766  860  924  934
 189  269  290  356  702  865  925  931  954  996
 23  49  94  171  371  775  807  830  866  925
 130  180  207  431  568  625  635  755  812  873
 113  128  169  222  488  495  508  560  578  636
 225  237  289  394  399  415  681  773  826  857
 101  137  173  279  608  691  795  855  883  963
 27  105  331  462  561  641  820  844  867  965
 87  106  164  281  371  478  515  825  927  983
 4  24  38  70  381  418  590  667  717  847
 2  183  232  256  280  318  372  550  734  831
 19  108  130  255  272  290  739  766  881  896
 63  253  270  354  356  489  684  777  790  802
 63  108  285  403  560  653  679  778  886  907
 38  393  399  472  550  664  725  740  806  892
 85  214  298  310  387  407  540  601  697  858
 26  231  279  455  531  582  679  810  926  968
 22  34  202  302  337  497  634  749  773  983
 3  7  22  316  534  536  559  568  760  982
 2  314  328  509  551  634  704  731  953  991
 28  56  99  173  236  311  372  516  643  815
 51  202  205  219  404  499  505  590  686  735
 140  307  327  356  516  553  719  843  919  957
 299  339  367  433  533  747  847  916  938  963
 12  28  117  238  385  398  612  830  841  905
 58  132  274  448  598  645  723  830  831  854
 79  126  339  410  432  484  501  650  672  798
 141  177  189  229  242  401  424  606  612  826
 222  325  329  364  523  534  569  718  838  994
 33  46  463  533  619  718  778  809  814  838
 244  352  434  468  508  518  595  763  978  997
 263  312  358  412  436  473  495  584  817  906
 39  390  392  396  398  590  607  735  917  934
 56  125  485  583  653  694  744  749  768  778
 41  63  175  263  323  534  582  604  720  803
 10  103  187  204  234  312  368  419  612  805
 6  242  323  382  460  525  627  652  767  978
 41  53  171  201  352  614  744  762  904  960
 44  143  289  293  332  386  760  784  851  893
 6  148  172  173  223  277  434  625  781  921
 90  341  374  533  675  691  736  789  906  960
 8  60  155  658  698  709  827  861  922  966
 104  264  400  723  739  802  806  877  896  960
 127  132  140  318  342  722  733  819  839  895
 135  183  284  541  645  696  751  811  878  939
 10  11  131  180  386  505  542  623  738  748
 272  295  298  347  692  695  759  782  946  956
 86  97  114  267  453  517  526  546  920  926
 23  169  263  307  387  460  461  472  515  553
 146  211  444  478  514  537  579  613  669  868
 159  214  223  280  620  653  696  758  910  998
 20  75  117  222  305  384  459  698  722  818
 45  251  262  265  488  520  575  687  855  861
 190  201  341  388  501  560  754  847  860  965
 30  151  249  381  549  560  741  744  746  951
 53  190  228  259  336  650  686  754  905  936
 70  244  256  308  375  390  402  430  720  909
 50  366  492  531  596  671  719  729  897  960
 122  371  407  595  678  748  763  797  878  928
 23  99  197  447  504  678  831  833  912  937
 0  63  115  219  313  410  436  450  684  928
 311  315  415  663  756  769  828  959  963  990
 156  434  441  473  504  603  737  745  955  983
 63  117  354  518  563  704  779  810  815  900
 85  352  358  362  507  567  646  693  797  956
 8  101  103  243  353  423  534  632  946  976
 117  227  436  463  469  604  682  829  862  976
 70  129  165  278  352  502  591  706  895  952
 80  195  299  492  534  653  688  703  722  805
 243  284  293  407  471  502  744  860  874  984
 49  332  463  512  614  657  677  741  786  952
 67  116  296  466  528  626  632  827  883  949
 34  60  72  115  369  376  401  623  662  980
 22  88  103  157  190  439  561  758  835  892
 42  129  151  186  280  382  434  501  800  869
 34  69  105  188  199  234  260  383  681  970
 133  134  258  403  558  569  572  639  712  865
 226  297  393  423  530  572  583  696  749  825
 198  220  261  395  701  717  721  749  930  966
 51  73  445  456  602  604  769  775  799  846
 75  222  256  329  550  783  833  904  970  980
 3  173  361  519  657  688  757  802  831  925
 37  203  331  454  501  730  776  960  988  997
 14  111  209  253  602  632  762  769  846  993
 95  133  251  355  391  502  560  759  888  941
 102  450  552  603  608  619  704  840  870  893
 88  191  292  417  567  587  632  746  768  991
 422  526  586  591  690  757  853  866  908  963
 70  98  414  494  574  675  727  759  805  999
 13  128  135  138  219  351  527  842  893  934
 73  515  600  827  838  867  880  902  984  986
 81  93  224  571  608  643  725  741  757  972
 11  38  168  236  421  448  464  799  951  959
 258  307  343  349  479  602  670  777  799  907
 39  109  118  199  207  315  355  560  619  949
 135  140  151  201  243  392  467  479  606  989
 37  402  472  474  617  667  769  860  880  885
 51  100  232  385  473  662  677  727  730  800
 30  234  332  412  418  614  735  775  870  940
 13  232  255  406  436  488  646  738  785  967
 39  47  69  202  371  420  455  527  601  767
 248  332  345  531  640  726  737  818  943  999
 99  216  303  419  783  811  833  874  995  997
 262  414  467  484  639  652  676  746  887  988
 10  39  240  244  260  329  561  651  714  759
 53  120  171  269  402  483  521  629  816  896
 304  309  397  402  502  524  533  565  597  759
 135  170  248  318  339  359  499  570  751  957
 47  234  481  643  646  682  756  775  821  915
 7  64  118  137  176  435  552  776  959  998
 116  189  190  308  436  468  600  742  781  878
 146  333  348  405  528  550  712  766  794  810
 117  178  223  553  571  627  685  862  923  926
 3  28  114  206  211  299  742  752  802  992
 24  65  69  113  144  247  627  835  895  917
 131  485  508  558  600  744  770  894  932  965
 178  235  422  495  681  789  851  872  903  914
 273  498  535  537  609  633  669  721  904  966
 112  116  365  401  575  692  708  838  910  999
 20  145  352  476  513  646  654  721  803  932
 21  42  137  149  235  394  438  890  937  960
 129  227  353  403  429  464  555  615  842  843
 54  144  186  205  209  477  682  709  781  913
 51  151  346  370  479  575  659  698  717  907
 17  211  263  357  396  527  655  668  908  957
 198  297  313  393  400  482  512  548  698  903
 80  229  350  381  434  751  786  810  841  992
 85  203  304  410  455  544  571  681  749  977
 204  276  337  351  555  674  682  832  960  974
 66  72  180  236  255  485  618  808  827  913
 106  289  385  427  449  450  453  515  633  931
 15  267  339  352  360  434  676  703  799  848
 17  64  111  140  662  717  829  871  879  915
 77  138  217  254  363  427  687  713  738  742
 123  217  243  281  494  698  749  770  976  992
 135  383  470  579  586  588  613  659  758  950
 62  69  139  151  233  409  413  458  708  901
 21  23  337  379  499  527  667  796  974  993
 58  132  240  358  372  423  579  628  758  778
 65  194  307  320  389  467  594  736  874  974
 295  410  545  553  669  743  871  879  902  912
 22  29  122  187  248  574  642  828  888  919
 38  154  272  280  398  424  574  667  887  928
 1  193  199  443  535  557  582  618  805  971
 100  171  226  548  576  719  809  850  947  972
 11  29  208  287  383  591  603  847  975  989
 17  60  98  146  445  621  658  847  878  971
 25  164  236  263  361  418  540  775  848  897
 28  100  125  146  206  289  411  463  747  759
 90  144  181  346  414  614  641  676  696  878
 8  167  263  372  413  564  592  814  908  914
 55  167  194  271  279  401  444  895  898  957
 101  147  159  184  229  540  663  778  827  829
 127  175  275  430  566  568  687  802  837  957
 93  176  224  228  279  480  486  538  875  917
 235  265  268  459  462  650  757  852  963  994
 72  164  203  335  369  394  486  738  926  943
 185  191  284  291  418  516  607  635  762  806
 54  102  221  346  443  454  544  669  774  978
 83  109  344  413  461  476  564  680  883  900
 133  182  230  475  586  696  785  925  996  999
 44  54  138  267  343  406  643  748  778  981
 12  95  166  223  229  348  562  690  700  985
 44  136  388  422  511  749  919  920  943  989
 269  272  333  356  550  554  620  709  807  991
 44  63  300  331  351  404  421  431  561  734
 166  188  225  374  421  431  739  769  935  939
 53  123  436  486  572  607  624  828  899  906
 276  388  455  630  670  835  865  898  901  924
 10  76  172  242  251  522  667  756  774  989
 149  163  282  304  385  662  766  835  982  994
 22  29  243  306  438  493  584  611  818  885
 91  121  243  272  474  477  497  579  818  902
 26  47  118  137  163  351  373  386  401  851
 29  134  288  516  625  641  643  703  877  883
 21  53  256  352  578  607  620  635  820  848
 148  192  264  278  287  518  522  605  649  869
 3  87  348  383  479  511  629  703  812  940
 21  74  90  193  224  274  311  353  490  798
 5  158  253  287  605  619  723  783  827  877
 294  302  577  718  749  753  771  789  828  990
 65  84  143  566  584  598  719  869  968  970
 8  25  176  188  331  359  409  416  695  732
 95  188  231  235  303  515  854  861  920  992
 101  239  260  344  390  520  680  682  687  787
 45  71  123  162  330  465  470  764  867  912
 84  101  299  300  352  415  557  681  979  989
 108  140  175  231  388  419  641  655  772  822
 10  138  227  604  764  773  781  786  823  935
 142  185  254  287  445  516  530  579  852  994
 12  167  179  285  302  476  479  610  777  876
 109  119  346  539  550  624  726  837  989  998
 103  286  356  397  458  623  772  839  878  899
 164  229  310  517  591  621  625  841  921  988
 1  73  164  168  187  445  466  552  860  940
 41  43  244  345  520  615  780  818  860  904
 178  324  340  479  565  675  677  740  783  876
 138  480  606  679  715  736  814  877  881  900
 202  248  343  493  578  598  679  704  865  908
 13  20  27  184  284  610  626  652  656  784
 95  252  366  494  556  570  620  724  727  985
 32  132  155  173  344  351  825  856  876  943
 128  287  469  546  596  649  704  889  930  979
 30  34  233  239  275  277  319  450  839  918
 323  338  437  587  597  607  657  687  828  983
 51  60  187  344  453  502  551  613  791  868
 260  348  375  458  498  541  924  954  979  984
 36  62  87  110  302  406  409  458  655  830
 132  187  227  249  357  441  471  670  731  752
 41  111  352  416  489  647  663  674  924  954
 79  247  297  338  531  593  657  860  863  927
 84  319  392  394  496  536  636  671  728  989
 21  26  200  269  313  584  650  676  859  913
 61  106  196  288  484  602  681  704  735  916
 16  20  24  88  258  380  409  604  674  804
 217  237  285  316  447  465  597  601  711  834
 27  123  164  220  288  533  538  619  620  714
 286  341  411  459  538  541  675  869  882  990
 1  36  175  188  340  475  554  567  672  733
 31  171  275  520  677  688  783  905  981  989
 57  127  159  238  275  684  726  835  910  960
 344  364  465  620  639  656  661  672  883  967
 48  173  220  233  366  421  494  843  948  954
 222  269  350  494  597  609  615  635  920  940
 68  208  234  241  322  413  595  737  777  804
 98  203  249  326  616  643  651  653  677  861
 140  299  477  522  584  607  687  839  928  961
 201  410  749  823  837  844  887  920  948  984
 293  377  419  499  512  574  751  838  841  873
 20  79  233  279  281  551  653  742  819  847
 193  211  232  277  515  594  709  741  781  831
 162  200  305  373  445  448  629  671  677  807
 67  145  263  413  419  468  554  662  792  823
 155  201  221  528  531  539  572  595  865  878
 203  211  221  249  287  343  404  506  893  917
 249  367  480  562  620  682  745  806  913  993
 31  67  75  98  193  221  465  600  687  737
 115  164  237  248  545  620  790  843  844  847
 162  226  255  324  389  587  668  671  731  751
 32  92  113  172  235  348  469  509  820  967
 4  245  459  504  723  780  788  879  883  937
 78  232  393  492  615  682  763  802  838  966
 33  64  96  266  268  418  434  670  683  821
 127  237  299  373  396  543  567  597  637  727
 74  94  154  198  227  287  388  469  551  869
 286  341  374  416  437  443  487  662  784  951
 21  121  282  597  652  671  870  891  927  986
 4  64  198  562  568  606  647  708  885  967
 58  81  200  247  435  661  705  724  738  967
 98  134  168  309  458  479  786  839  860  913
 49  59  164  183  391  478  687  744  947  983
 367  420  567  662  788  802  882  887  992  996
 103  141  147  182  454  632  895  903  904  915
 13  95  140  438  629  654  678  852  928  942
 69  87  261  318  417  589  605  787  826  832
 7  279  352  633  766  837  847  849  859  900
 6  444  480  604  630  699  725  768  807  952
 27  158  161  346  398  426  487  509  724  923
 26  265  329  374  447  480  492  535  661  851
 3  72  222  408  423  498  690  802  875  950
 31  136  143  240  504  507  653  690  703  935
 83  142  172  377  429  553  631  695  837  936
 17  59  62  120  169  216  217  300  319  464
 63  190  211  447  485  520  749  756  775  792
 20  269  317  434  468  508  564  694  770  800
 125  247  412  452  479  546  699  713  752  786
 129  136  292  407  468  475  759  827  911  970
 25  215  350  456  592  637  721  844  893  919
 67  204  439  461  483  518  592  662  730  858
 16  72  95  196  226  417  634  736  867  956
 74  146  200  238  392  504  642  655  675  918
 102  149  216  476  541  659  822  925  926  933
 83  118  201  202  221  256  314  493  571  810
 120  304  313  332  459  503  609  682  815  890
 49  133  200  277  399  417  560  673  677  782
 12  55  89  443  638  676  736  896  974  997
 129  214  256  302  383  402  536  656  777  840
 31  51  102  158  360  387  415  550  555  709
 38  92  154  314  351  392  437  464  770  985
 50  178  230  254  412  432  561  680  763  972
 56  67  256  336  344  402  416  765  814  904
 40  303  460  469  541  590  737  782  856  889
 50  169  272  433  449  548  675  762  822  949
 14  91  95  238  283  526  581  690  725  965
 3  5  350  459  580  586  607  620  862  870
 122  148  172  311  319  324  549  597  668  869
 76  221  242  292  339  360  409  805  813  935
 11  71  228  381  567  600  707  767  856  874
 54  87  89  184  215  474  797  961  963  996
 121  132  194  307  364  437  641  804  877  992
 90  165  228  349  352  430  567  684  891  981
 242  279  325  375  461  479  569  643  814  860
 61  151  349  392  598  619  643  853  912  950
 135  204  211  265  390  506  565  600  729  744
 257  265  290  352  426  498  555  610  826  992
 52  133  161  702  711  718  734  895  928  982
 6  118  154  354  471  707  708  752  847  967
 419  444  497  627  781  788  835  836  846  882
 51  56  197  255  357  595  707  849  954  976
 102  234  316  482  546  710  772  792  945  974
 34  138  184  460  504  718  729  815  862  957
 96  335  384  463  520  686  712  793  970  984
 46  255  287  324  516  663  736  793  888  945
 2  198  206  317  663  670  708  714  794  873
 146  336  362  516  659  682  744  790  876  969
 101  137  277  420  597  662  695  883  893  947
 63  69  186  528  531  573  643  706  761  768
 75  438  471  516  629  723  795  813  826  845
 81  117  138  217  391  409  428  441  674  951
 299  464  474  502  524  565  615  825  867  967
 92  336  397  423  706  748  814  855  872  923
 58  72  83  276  491  528  745  804  889  927
 46  47  90  454  590  595  650  702  727  978
 19  129  208  323  384  405  645  789  960  994
 29  92  109  131  241  255  301  460  610  796
 26  65  153  277  323  381  454  505  664  709
 169  309  322  421  423  528  629  647  847  860
 47  228  275  446  496  597  701  723  742  915
 14  35  88  291  623  647  848  955  961  965
 53  179  256  338  669  687  844  865  881  889
 4  113  154  248  255  260  288  504  694  856
 173  186  417  470  543  598  639  694  737  994
 47  185  388  591  691  700  711  734  759  941
 38  88  106  110  158  424  485  528  622  838
 21  209  210  231  255  298  331  445  516  683
 104  214  297  331  394  589  654  710  712  725
 175  241  280  311  689  731  760  840  845  879
 89  347  371  474  520  605  650  871  886  895
 9  407  490  536  570  588  744  758  946  996
 53  174  193  249  547  670  702  743  792  941
 100  160  307  410  526  607  629  648  778  784
 54  88  124  143  208  243  253  600  793  876
 230  262  289  354  446  602  659  789  816  832
 42  64  98  106  192  363  379  638  861  893
 19  68  245  330  837  839  853  870  883  904
 38  318  320  563  579  660  759  799  889  990
 49  148  240  242  250  405  571  880  948  960
 12  103  143  190  296  362  423  458  820  822
 147  202  214  295  341  365  497  634  650  702
 25  63  145  155  243  315  380  499  543  694
 24  28  396  515  538  597  598  714  871  885
 149  217  233  337  374  380  691  697  817  955
 81  90  260  276  542  570  645  822  936  953
 18  193  202  248  393  429  699  734  797  951
 0  169  230  250  286  427  478  528  688  790
 15  298  324  360  483  527  667  703  763  848
 114  175  291  444  455  525  678  800  822  989
 96  138  270  383  415  761  817  836  854  902
 32  181  331  603  621  762  822  911  924  933
 51  206  249  301  395  510  546  597  745  891
 270  274  364  428  452  470  601  607  728  791
 265  282  327  377  479  541  562  820  946  954
 359  426  560  626  695  788  817  856  941  971
 9  233  290  592  604  642  809  878  930  986
 102  260  350  466  664  840  849  867  880  902
 73  106  114  273  387  436  445  474  657  880
 110  342  465  679  739  786  835  853  899  971
 54  246  387  475  489  557  593  603  745  988
 111  204  304  401  683  690  738  793  822  991
 23  108  215  393  549  679  775  804  895  965
 1  43  106  162  243  515  568  646  813  822
 70  442  462  515  522  653  655  714  731  786
 63  204  220  344  353  383  462  622  635  783
 16  127  198  304  425  431  527  787  806  864
 92  115  133  532  645  695  818  916  957  972
 253  357  368  430  444  708  821  835  856  936
 129  169  225  411  577  646  705  851  965  967
 18  251  252  389  413  867  887  898  953  974
 145  204  223  305  439  534  542  552  630  901
 273  277  286  301  514  618  748  871  936  944
 19  50  427  505  508  633  776  816  878  915
 120  194  220  332  369  444  484  569  602  944
 54  157  229  263  347  371  373  407  710  826
 134  393  413  503  648  700  719  879  908  980
 53  207  519  527  528  672  678  832  869  942
 158  176  362  370  478  593  634  794  824  921
 181  382  496  620  630  652  777  787  816  898
 65  128  293  321  347  472  520  586  793  876
 32  192  234  373  511  628  639  839  875  960
 91  121  269  361  469  540  568  851  899  917
 311  345  371  469  486  543  853  911  929  946
 64  111  122  415  451  629  647  733  836  928
 64  113  222  226  372  610  649  721  913  979
 86  127  190  243  277  280  296  752  774  925
 3  251  485  497  502  707  715  716  874  935
 31  37  187  235  318  592  729  772  888  894
 138  200  259  427  477  544  594  659  840  860
 60  73  376  430  457  525  630  650  807  954
 217  247  386  402  604  706  824  833  870  884
 232  235  245  332  386  686  787  910  913  971
 135  153  589  598  757  795  871  903  950  995
 69  91  130  131  373  403  620  665  843  898
 146  403  443  455  472  486  545  587  718  798
 0  58  110  137  214  402  718  857  863  949
 53  59  90  135  535  583  588  693  934  963
 64  182  289  305  458  481  548  633  672  955
 170  232  302  327  370  401  542  634  851  906
 156  164  463  509  588  667  679  843  868  883
 22  26  34  111  234  249  285  593  900  960
 4  123  327  360  428  804  923  927  928  957
 59  179  259  366  403  656  659  691  800  904
 47  65  118  202  227  230  287  720  888  975
 19  218  307  422  487  774  838  876  895  910
 199  249  349  433  524  553  727  754  809  859
 62  108  129  148  238  345  426  549  597  970
 3  204  245  278  286  333  354  655  833  972
 25  45  91  217  338  600  721  776  827  859
 100  210  271  281  293  384  409  442  696  846
 58  201  514  588  638  641  710  838  927  928
 106  179  382  437  524  613  694  696  883  920
 65  77  111  255  347  640  799  923  924  989
 182  263  344  565  635  641  732  747  960  971
 62  64  118  241  326  421  443  449  788  894
 59  177  185  499  513  537  650  710  780  989
 3  100  246  325  543  690  706  779  822  882
 114  158  333  342  434  626  664  767  829  916
 35  45  139  142  204  294  518  781  937  995
 63  242  409  421  449  579  687  799  808  915
 17  87  112  445  649  671  778  779  867  951
 184  230  356  417  426  506  593  622  883  986
 60  138  143  281  411  609  618  740  756  969
 7  38  87  251  380  486  573  603  610  681
 53  206  256  432  517  540  627  683  920  961
 94  131  265  572  605  643  658  693  765  820
 66  261  278  359  360  507  544  672  713  781
 76  222  269  284  411  431  498  631  836  845
 45  91  255  282  303  386  412  815  930  945
 62  251  280  394  407  456  471  703  923  970
 95  254  255  378  661  674  746  806  933  993
 181  209  238  395  484  514  664  761  837  866
 28  351  423  592  716  752  775  818  904  907
 38  88  226  248  275  314  716  796  808  920
 169  182  189  198  352  364  468  609  754  974
 58  116  139  262  383  580  726  751  858  895
 45  108  157  460  588  606  864  946  957  971
 12  129  290  295  323  424  579  658  805  841
 42  122  336  360  480  534  628  631  813  980
 105  128  278  321  436  497  644  714  771  788
 206  215  225  308  368  406  630  696  727  912
 100  168  355  450  542  612  617  742  892  949
 250  297  414  467  541  726  733  739  972  994
 332  570  622  758  909  913  919  928  930  947
 271  353  454  499  608  640  674  822  825  930
 14  296  369  415  498  590  619  814  859  976
 39  98  195  258  454  600  658  705  816  943
 55  212  353  391  764  784  822  835  886  975
 175  228  279  309  433  458  512  678  815  819
 227  342  417  428  564  577  644  743  870  974
 3  59  126  145  269  387  469  475  566  770
 11  201  231  329  343  454  535  733  736  879
 309  379  455  474  514  552  647  760  791  877
 54  153  185  233  279  659  724  774  789  971
 3  135  300  327  391  451  513  676  697  920
 18  182  185  218  325  389  482  604  631  655
 118  313  348  355  467  532  577  578  615  809
 54  140  189  240  272  286  367  613  793  848
 67  93  158  275  563  568  708  807  882  942
 45  217  227  303  479  538  609  747  781  961
 145  177  240  338  367  597  902  910  931  967
 1  94  105  434  464  614  713  719  811  835
 39  49  64  119  230  333  527  570  711  993
 49  145  276  338  494  496  581  627  763  944
 77  283  340  380  565  609  659  661  705  975
 27  84  215  218  229  355  459  799  839  927
 38  100  289  337  379  690  719  827  917  924
 218  291  376  426  488  581  603  709  854  943
 71  169  224  241  319  354  623  683  685  991
 36  137  428  466  474  570  622  652  851  977
 172  288  468  477  542  603  640  756  779  861
 228  232  262  307  370  430  612  866  884  950
 23  49  173  231  233  397  559  746  809  932
 137  198  305  339  784  850  867  871  888  940
 139  168  257  263  306  454  497  883  935  970
 20  168  300  309  322  343  451  832  871  897
 111  197  276  411  674  690  743  744  749  961
 30  201  223  350  641  661  683  688  748  855
 98  209  224  448  663  724  735  769  847  866
 73  249  258  376  389  437  571  653  822  861
 71  188  191  239  244  514  590  688  798  876
 12  92  105  139  190  193  395  452  494  531
 57  102  253  299  395  764  820  851  874  979
 73  127  296  369  451  646  719  733  892  962
 110  122  345  622  641  700  723  762  786  864
 125  153  179  253  327  412  756  846  881  950
 89  161  338  420  440  550  583  595  746  789
 8  122  289  335  346  393  687  783  812  827
 69  101  153  180  379  469  523  560  732  788
 39  72  182  594  596  707  772  780  821  920
 348  380  409  452  560  710  733  880  888  926
 191  247  422  495  498  620  635  697  749  910
 172  200  376  413  443  451  525  683  789  835
 33  87  105  319  328  539  843  865  900  979
 5  48  60  135  264  450  497  754  764  832
 112  194  294  403  404  424  601  658  690  707
 28  73  108  289  306  314  337  383  843  970
 184  249  263  273  597  768  779  860  960  974
 148  159  164  318  354  356  454  532  541  710
 28  111  182  283  286  373  399  890  966  990
 53  255  394  426  448  471  551  672  733  774
 14  124  284  372  396  429  475  487  635  698
 165  288  373  434  640  687  792  836  853  913
 317  334  345  481  550  604  703  743  798  929
 61  192  443  512  534  613  623  639  862  916
 65  103  288  339  347  413  447  725  908  967
 8  43  250  381  422  438  879  896  901  993
 45  441  457  513  555  650  881  900  942  997
 16  22  122  136  184  727  786  901  909  981
 213  297  329  372  379  450  573  774  902  935
 46  252  275  361  477  501  557  593  610  739
 55  142  181  412  452  554  632  701  768  793
 91  249  273  492  508  594  648  685  820  912
 33  317  324  374  485  512  598  680  681  985
 63  163  171  174  190  237  398  774  921  951
 136  182  190  483  647  771  815  847  871  882
 39  45  66  281  332  353  624  737  917  988
 186  236  335  368  376  502  531  848  922  979
 99  180  192  226  441  490  568  584  709  940
 144  145  245  274  286  300  406  429  772  857
 160  218  293  300  677  679  703  875  956  989
 0  110  133  200  540  660  698  735  850  880
 106  467  468  501  518  576  581  643  835  939
 162  172  243  368  409  539  541  835  896  916
 96  97  306  367  454  595  664  858  926  979
 128  139  231  249  335  350  396  767  799  875
 94  189  251  407  757  829  852  888  911  918
 7  109  397  402  424  475  480  643  866  922
 76  207  353  365  480  711  908  929  946  998
 16  62  81  196  398  401  404  548  657  778
 85  151  470  537  578  644  651  699  800  884
 63  106  124  137  214  748  806  914  974  991
 19  102  164  313  433  514  545  711  732  784
 253  330  343  388  397  453  730  780  835  944
 320  364  527  539  633  867  961  965  984  992
 27  69  142  158  257  689  702  819  828  919
 74  192  398  408  426  436  440  469  783  797
 223  237  283  342  391  447  520  657  668  907
 105  129  238  239  280  315  351  356  495  824
 81  482  527  534  538  669  702  887  917  934
 130  173  323  398  477  642  877  895  910  968
 257  495  532  564  605  712  740  752  901  923
 409  521  591  629  646  670  690  755  770  970
 66  150  190  462  632  680  730  769  837  925
 220  243  380  387  523  581  636  637  749  750
 119  133  207  409  498  571  620  733  870  923
 66  68  99  182  207  351  445  532  823  907
 56  254  309  358  518  528  566  576  674  909
 11  99  331  337  437  579  632  636  647  935
 252  256  264  421  522  752  803  822  829  932
 233  234  237  268  371  853  854  923  973  988
 56  461  494  616  721  734  754  792  854  977
 15  101  121  210  365  439  521  679  917  949
 71  184  223  414  520  611  697  775  875  957
 72  80  233  291  446  681  794  830  862  997
 7  126  378  454  584  641  718  738  787  917
 63  273  304  392  456  586  638  751  779  975
 25  39  52  71  84  354  431  553  706  735
